{
    "width": 1024,
    "height": 1024,
    "model": "SceneGen-latest_1",
    "locations": [
        {
            "index": "0000",
            "projection_type": "PERSP",
            "ortho_scale": 6.0,
            "camera_angle_x": 0.8575560450553894,
            "elevation": 0.2617993877991494,
            "azimuth": 3.141592653589793,
            "transform_matrix": [
                [
                    -1.6292068494294654e-07,
                    0.25881895422935486,
                    -0.9659258723258972,
                    -1.7386665344238281
                ],
                [
                    -1.0,
                    -9.86896697696693e-09,
                    1.6602351138317317e-07,
                    2.129252364566547e-16
                ],
                [
                    3.3437341784292585e-08,
                    0.9659258723258972,
                    0.25881895422935486,
                    0.4658742845058441
                ],
                [
                    0.0,
                    0.0,
                    0.0,
                    1.0
                ]
            ]
        },
        {
            "index": "0001",
            "projection_type": "PERSP",
            "ortho_scale": 6.0,
            "camera_angle_x": 0.8575560450553894,
            "elevation": 0.2617993877991494,
            "azimuth": 3.193952531149623,
            "transform_matrix": [
                [
                    0.05233597382903099,
                    0.2584642469882965,
                    -0.9646021127700806,
                    -1.7362836599349976
                ],
                [
                    -0.9986295104026794,
                    0.013545624911785126,
                    -0.050552647560834885,
                    -0.09099477529525757
                ],
                [
                    8.632013503984126e-08,
                    0.9659258723258972,
                    0.25881895422935486,
                    0.4658742845058441
                ],
                [
                    0.0,
                    0.0,
                    0.0,
                    1.0
                ]
            ]
        },
        {
            "index": "0002",
            "projection_type": "PERSP",
            "ortho_scale": 6.0,
            "camera_angle_x": 0.8575560450553894,
            "elevation": 0.2617993877991494,
            "azimuth": 3.246312408709453,
            "transform_matrix": [
                [
                    0.10452841967344284,
                    0.25740110874176025,
                    -0.9606344103813171,
                    -1.7291418313980103
                ],
                [
                    -0.9945219159126282,
                    0.027053866535425186,
                    -0.10096672177314758,
                    -0.18174013495445251
                ],
                [
                    -7.325476758524019e-08,
                    0.9659258723258972,
                    0.25881895422935486,
                    0.4658742845058441
                ],
                [
                    0.0,
                    0.0,
                    0.0,
                    1.0
                ]
            ]
        },
        {
            "index": "0003",
            "projection_type": "PERSP",
            "ortho_scale": 6.0,
            "camera_angle_x": 0.8575560450553894,
            "elevation": 0.2617993877991494,
            "azimuth": 3.2986722862692828,
            "transform_matrix": [
                [
                    0.15643425285816193,
                    0.2556324899196625,
                    -0.9540337324142456,
                    -1.7172605991363525
                ],
                [
                    -0.9876883625984192,
                    0.0404881052672863,
                    -0.1511038988828659,
                    -0.27198734879493713
                ],
                [
                    -4.636234507415793e-08,
                    0.9659258723258972,
                    0.25881895422935486,
                    0.4658742845058441
                ],
                [
                    0.0,
                    0.0,
                    0.0,
                    1.0
                ]
            ]
        },
        {
            "index": "0004",
            "projection_type": "PERSP",
            "ortho_scale": 6.0,
            "camera_angle_x": 0.8575560450553894,
            "elevation": 0.2617993877991494,
            "azimuth": 3.351032163829113,
            "transform_matrix": [
                [
                    0.20791153609752655,
                    0.25316303968429565,
                    -0.9448181390762329,
                    -1.7006725072860718
                ],
                [
                    -0.9781476259231567,
                    0.053811393678188324,
                    -0.20082713663578033,
                    -0.36148908734321594
                ],
                [
                    -2.8651978567495462e-08,
                    0.9659258723258972,
                    0.2588188350200653,
                    0.4658742845058441
                ],
                [
                    0.0,
                    0.0,
                    0.0,
                    1.0
                ]
            ]
        },
        {
            "index": "0005",
            "projection_type": "PERSP",
            "ortho_scale": 6.0,
            "camera_angle_x": 0.8575560450553894,
            "elevation": 0.2617993877991494,
            "azimuth": 3.4033920413889427,
            "transform_matrix": [
                [
                    0.25881895422935486,
                    0.24999994039535522,
                    -0.9330127239227295,
                    -1.6794228553771973
                ],
                [
                    -0.9659258723258972,
                    0.06698717921972275,
                    -0.24999994039535522,
                    -0.44999998807907104
                ],
                [
                    -7.95734322878161e-08,
                    0.9659258723258972,
                    0.25881895422935486,
                    0.4658742845058441
                ],
                [
                    0.0,
                    0.0,
                    0.0,
                    1.0
                ]
            ]
        },
        {
            "index": "0006",
            "projection_type": "PERSP",
            "ortho_scale": 6.0,
            "camera_angle_x": 0.8575560450553894,
            "elevation": 0.2617993877991494,
            "azimuth": 3.4557519189487724,
            "transform_matrix": [
                [
                    0.3090168535709381,
                    0.24615144729614258,
                    -0.9186501502990723,
                    -1.6535700559616089
                ],
                [
                    -0.9510565400123596,
                    0.07997945696115494,
                    -0.2984873652458191,
                    -0.5372775197029114
                ],
                [
                    4.530577157879634e-08,
                    0.9659258723258972,
                    0.25881895422935486,
                    0.4658742845058441
                ],
                [
                    0.0,
                    0.0,
                    0.0,
                    1.0
                ]
            ]
        },
        {
            "index": "0007",
            "projection_type": "PERSP",
            "ortho_scale": 6.0,
            "camera_angle_x": 0.8575560450553894,
            "elevation": 0.2617993877991494,
            "azimuth": 3.5081117965086026,
            "transform_matrix": [
                [
                    0.3583679795265198,
                    0.24162854254245758,
                    -0.9017693996429443,
                    -1.6231850385665894
                ],
                [
                    -0.9335803985595703,
                    0.09275244921445847,
                    -0.34615689516067505,
                    -0.6230823397636414
                ],
                [
                    -6.048280454251653e-08,
                    0.9659258127212524,
                    0.25881919264793396,
                    0.4658742845058441
                ],
                [
                    0.0,
                    0.0,
                    0.0,
                    1.0
                ]
            ]
        },
        {
            "index": "0008",
            "projection_type": "PERSP",
            "ortho_scale": 6.0,
            "camera_angle_x": 0.8575560450553894,
            "elevation": 0.2617993877991494,
            "azimuth": 3.5604716740684323,
            "transform_matrix": [
                [
                    0.4067366123199463,
                    0.23644298315048218,
                    -0.8824171423912048,
                    -1.5883508920669556
                ],
                [
                    -0.9135454893112183,
                    0.10527119785547256,
                    -0.39287739992141724,
                    -0.7071793675422668
                ],
                [
                    8.82744277674874e-09,
                    0.9659258127212524,
                    0.2588190734386444,
                    0.4658742845058441
                ],
                [
                    0.0,
                    0.0,
                    0.0,
                    1.0
                ]
            ]
        },
        {
            "index": "0009",
            "projection_type": "PERSP",
            "ortho_scale": 6.0,
            "camera_angle_x": 0.8575560450553894,
            "elevation": 0.2617993877991494,
            "azimuth": 3.612831551628262,
            "transform_matrix": [
                [
                    0.4539904296398163,
                    0.23060943186283112,
                    -0.8606462478637695,
                    -1.5491632223129272
                ],
                [
                    -0.891006588935852,
                    0.11750122159719467,
                    -0.4385211169719696,
                    -0.7893380522727966
                ],
                [
                    -1.1721770221129191e-07,
                    0.9659258723258972,
                    0.25881895422935486,
                    0.4658742845058441
                ],
                [
                    0.0,
                    0.0,
                    0.0,
                    1.0
                ]
            ]
        },
        {
            "index": "0010",
            "projection_type": "PERSP",
            "ortho_scale": 6.0,
            "camera_angle_x": 0.8575560450553894,
            "elevation": 0.2617993877991494,
            "azimuth": 3.6651914291880923,
            "transform_matrix": [
                [
                    0.49999988079071045,
                    0.2241438776254654,
                    -0.8365163803100586,
                    -1.5057293176651
                ],
                [
                    -0.8660255074501038,
                    0.1294093281030655,
                    -0.48296284675598145,
                    -0.8693332672119141
                ],
                [
                    -1.3750353389241354e-07,
                    0.9659258723258972,
                    0.25881895422935486,
                    0.4658742845058441
                ],
                [
                    0.0,
                    0.0,
                    0.0,
                    1.0
                ]
            ]
        },
        {
            "index": "0011",
            "projection_type": "PERSP",
            "ortho_scale": 6.0,
            "camera_angle_x": 0.8575560450553894,
            "elevation": 0.2617993877991494,
            "azimuth": 3.717551306747922,
            "transform_matrix": [
                [
                    0.5446391105651855,
                    0.21706391870975494,
                    -0.8100935220718384,
                    -1.458168387413025
                ],
                [
                    -0.8386704921722412,
                    0.14096298813819885,
                    -0.5260809659957886,
                    -0.9469456672668457
                ],
                [
                    -4.264510522489218e-09,
                    0.9659258127212524,
                    0.2588190734386444,
                    0.4658742845058441
                ],
                [
                    0.0,
                    0.0,
                    0.0,
                    1.0
                ]
            ]
        },
        {
            "index": "0012",
            "projection_type": "PERSP",
            "ortho_scale": 6.0,
            "camera_angle_x": 0.8575560450553894,
            "elevation": 0.2617993877991494,
            "azimuth": 3.7699111843077517,
            "transform_matrix": [
                [
                    0.5877851247787476,
                    0.20938897132873535,
                    -0.7814505100250244,
                    -1.4066107273101807
                ],
                [
                    -0.8090170621871948,
                    0.1521299034357071,
                    -0.5677568912506104,
                    -1.0219625234603882
                ],
                [
                    -4.2755644358294376e-08,
                    0.9659258723258972,
                    0.25881895422935486,
                    0.4658742845058441
                ],
                [
                    0.0,
                    0.0,
                    0.0,
                    1.0
                ]
            ]
        },
        {
            "index": "0013",
            "projection_type": "PERSP",
            "ortho_scale": 6.0,
            "camera_angle_x": 0.8575560450553894,
            "elevation": 0.2617993877991494,
            "azimuth": 3.822271061867582,
            "transform_matrix": [
                [
                    0.6293203830718994,
                    0.20114022493362427,
                    -0.7506653666496277,
                    -1.351197600364685
                ],
                [
                    -0.7771459817886353,
                    0.162880077958107,
                    -0.6078767776489258,
                    -1.094178318977356
                ],
                [
                    -5.280397630258449e-08,
                    0.9659258127212524,
                    0.2588190734386444,
                    0.4658742845058441
                ],
                [
                    0.0,
                    0.0,
                    0.0,
                    1.0
                ]
            ]
        },
        {
            "index": "0014",
            "projection_type": "PERSP",
            "ortho_scale": 6.0,
            "camera_angle_x": 0.8575560450553894,
            "elevation": 0.2617993877991494,
            "azimuth": 3.8746309394274117,
            "transform_matrix": [
                [
                    0.6691305637359619,
                    0.19233998656272888,
                    -0.7178228497505188,
                    -1.2920809984207153
                ],
                [
                    -0.7431448698043823,
                    0.17318366467952728,
                    -0.6463304758071899,
                    -1.1633949279785156
                ],
                [
                    -8.384787975046493e-09,
                    0.9659258723258972,
                    0.25881895422935486,
                    0.4658742845058441
                ],
                [
                    0.0,
                    0.0,
                    0.0,
                    1.0
                ]
            ]
        },
        {
            "index": "0015",
            "projection_type": "PERSP",
            "ortho_scale": 6.0,
            "camera_angle_x": 0.8575560450553894,
            "elevation": 0.2617993877991494,
            "azimuth": 3.9269908169872414,
            "transform_matrix": [
                [
                    0.7071067690849304,
                    0.18301275372505188,
                    -0.6830127239227295,
                    -1.2294228076934814
                ],
                [
                    -0.7071067690849304,
                    0.1830126792192459,
                    -0.6830126643180847,
                    -1.2294228076934814
                ],
                [
                    -5.5390785291820066e-08,
                    0.9659258127212524,
                    0.2588190734386444,
                    0.4658742845058441
                ],
                [
                    0.0,
                    0.0,
                    0.0,
                    1.0
                ]
            ]
        },
        {
            "index": "0016",
            "projection_type": "PERSP",
            "ortho_scale": 6.0,
            "camera_angle_x": 0.8575560450553894,
            "elevation": 0.2617993877991494,
            "azimuth": 3.9793506945470716,
            "transform_matrix": [
                [
                    0.7431448698043823,
                    0.17318381369113922,
                    -0.6463304758071899,
                    -1.1633949279785156
                ],
                [
                    -0.6691305637359619,
                    0.19234031438827515,
                    -0.7178227305412292,
                    -1.2920809984207153
                ],
                [
                    1.3222526717981964e-07,
                    0.9659257531166077,
                    0.2588193118572235,
                    0.4658742845058441
                ],
                [
                    0.0,
                    0.0,
                    0.0,
                    1.0
                ]
            ]
        },
        {
            "index": "0017",
            "projection_type": "PERSP",
            "ortho_scale": 6.0,
            "camera_angle_x": 0.8575560450553894,
            "elevation": 0.2617993877991494,
            "azimuth": 4.031710572106901,
            "transform_matrix": [
                [
                    0.7771459817886353,
                    0.16288016736507416,
                    -0.6078767776489258,
                    -1.094178318977356
                ],
                [
                    -0.6293203830718994,
                    0.2011401504278183,
                    -0.7506653666496277,
                    -1.351197600364685
                ],
                [
                    -7.303510329847995e-08,
                    0.9659258127212524,
                    0.2588190734386444,
                    0.4658742845058441
                ],
                [
                    0.0,
                    0.0,
                    0.0,
                    1.0
                ]
            ]
        },
        {
            "index": "0018",
            "projection_type": "PERSP",
            "ortho_scale": 6.0,
            "camera_angle_x": 0.8575560450553894,
            "elevation": 0.2617993877991494,
            "azimuth": 4.084070449666731,
            "transform_matrix": [
                [
                    0.8090168833732605,
                    0.15213000774383545,
                    -0.5677571296691895,
                    -1.0219625234603882
                ],
                [
                    -0.5877854228019714,
                    0.20938889682292938,
                    -0.7814503312110901,
                    -1.4066107273101807
                ],
                [
                    -1.0186958832036908e-08,
                    0.9659258723258972,
                    0.25881895422935486,
                    0.4658742845058441
                ],
                [
                    0.0,
                    0.0,
                    0.0,
                    1.0
                ]
            ]
        },
        {
            "index": "0019",
            "projection_type": "PERSP",
            "ortho_scale": 6.0,
            "camera_angle_x": 0.8575560450553894,
            "elevation": 0.2617993877991494,
            "azimuth": 4.136430327226561,
            "transform_matrix": [
                [
                    0.8386704921722412,
                    0.1409628987312317,
                    -0.5260810256004333,
                    -0.9469456672668457
                ],
                [
                    -0.5446391701698303,
                    0.21706384420394897,
                    -0.8100935220718384,
                    -1.458168387413025
                ],
                [
                    3.994959030251266e-08,
                    0.9659258723258972,
                    0.25881895422935486,
                    0.4658742845058441
                ],
                [
                    0.0,
                    0.0,
                    0.0,
                    1.0
                ]
            ]
        },
        {
            "index": "0020",
            "projection_type": "PERSP",
            "ortho_scale": 6.0,
            "camera_angle_x": 0.8575560450553894,
            "elevation": 0.2617993877991494,
            "azimuth": 4.1887902047863905,
            "transform_matrix": [
                [
                    0.8660253882408142,
                    0.129409521818161,
                    -0.4829629361629486,
                    -0.8693332672119141
                ],
                [
                    -0.5,
                    0.22414375841617584,
                    -0.8365163207054138,
                    -1.5057293176651
                ],
                [
                    -4.813244913748349e-08,
                    0.9659258723258972,
                    0.25881895422935486,
                    0.4658742845058441
                ],
                [
                    0.0,
                    0.0,
                    0.0,
                    1.0
                ]
            ]
        },
        {
            "index": "0021",
            "projection_type": "PERSP",
            "ortho_scale": 6.0,
            "camera_angle_x": 0.8575560450553894,
            "elevation": 0.2617993877991494,
            "azimuth": 4.241150082346221,
            "transform_matrix": [
                [
                    0.8910065293312073,
                    0.11750136315822601,
                    -0.438521146774292,
                    -0.7893380522727966
                ],
                [
                    -0.45399048924446106,
                    0.23060937225818634,
                    -0.8606462478637695,
                    -1.5491632223129272
                ],
                [
                    -2.7135452995707965e-08,
                    0.9659258723258972,
                    0.25881895422935486,
                    0.4658742845058441
                ],
                [
                    0.0,
                    0.0,
                    0.0,
                    1.0
                ]
            ]
        },
        {
            "index": "0022",
            "projection_type": "PERSP",
            "ortho_scale": 6.0,
            "camera_angle_x": 0.8575560450553894,
            "elevation": 0.2617993877991494,
            "azimuth": 4.293509959906051,
            "transform_matrix": [
                [
                    0.9135454297065735,
                    0.1052711084485054,
                    -0.3928775489330292,
                    -0.7071793675422668
                ],
                [
                    -0.40673673152923584,
                    0.23644264042377472,
                    -0.8824172019958496,
                    -1.5883508920669556
                ],
                [
                    -2.7593735296704835e-08,
                    0.965925931930542,
                    0.25881871581077576,
                    0.4658742845058441
                ],
                [
                    0.0,
                    0.0,
                    0.0,
                    1.0
                ]
            ]
        },
        {
            "index": "0023",
            "projection_type": "PERSP",
            "ortho_scale": 6.0,
            "camera_angle_x": 0.8575560450553894,
            "elevation": 0.2617993877991494,
            "azimuth": 4.34586983746588,
            "transform_matrix": [
                [
                    0.9335803985595703,
                    0.09275247901678085,
                    -0.34615689516067505,
                    -0.6230823397636414
                ],
                [
                    -0.3583679795265198,
                    0.24162840843200684,
                    -0.9017693996429443,
                    -1.6231850385665894
                ],
                [
                    -9.114469179394291e-09,
                    0.9659258127212524,
                    0.2588190734386444,
                    0.4658742845058441
                ],
                [
                    0.0,
                    0.0,
                    0.0,
                    1.0
                ]
            ]
        },
        {
            "index": "0024",
            "projection_type": "PERSP",
            "ortho_scale": 6.0,
            "camera_angle_x": 0.8575560450553894,
            "elevation": 0.2617993877991494,
            "azimuth": 4.39822971502571,
            "transform_matrix": [
                [
                    0.9510564804077148,
                    0.07997943460941315,
                    -0.2984875440597534,
                    -0.5372775197029114
                ],
                [
                    -0.30901703238487244,
                    0.24615134298801422,
                    -0.9186500906944275,
                    -1.6535700559616089
                ],
                [
                    -8.035888399149371e-09,
                    0.9659258723258972,
                    0.2588188350200653,
                    0.4658742845058441
                ],
                [
                    0.0,
                    0.0,
                    0.0,
                    1.0
                ]
            ]
        },
        {
            "index": "0025",
            "projection_type": "PERSP",
            "ortho_scale": 6.0,
            "camera_angle_x": 0.8575560450553894,
            "elevation": 0.2617993877991494,
            "azimuth": 4.4505895925855405,
            "transform_matrix": [
                [
                    0.9659258127212524,
                    0.0669872984290123,
                    -0.2500000596046448,
                    -0.44999998807907104
                ],
                [
                    -0.2588191032409668,
                    0.24999991059303284,
                    -0.9330127239227295,
                    -1.6794228553771973
                ],
                [
                    -1.0555529783573547e-08,
                    0.9659258723258972,
                    0.25881895422935486,
                    0.4658742845058441
                ],
                [
                    0.0,
                    0.0,
                    0.0,
                    1.0
                ]
            ]
        },
        {
            "index": "0026",
            "projection_type": "PERSP",
            "ortho_scale": 6.0,
            "camera_angle_x": 0.8575560450553894,
            "elevation": 0.2617993877991494,
            "azimuth": 4.50294947014537,
            "transform_matrix": [
                [
                    0.9781476259231567,
                    0.053811486810445786,
                    -0.20082730054855347,
                    -0.36148908734321594
                ],
                [
                    -0.20791171491146088,
                    0.2531631290912628,
                    -0.9448180198669434,
                    -1.7006725072860718
                ],
                [
                    3.4510208024585154e-09,
                    0.9659258723258972,
                    0.25881895422935486,
                    0.4658742845058441
                ],
                [
                    0.0,
                    0.0,
                    0.0,
                    1.0
                ]
            ]
        },
        {
            "index": "0027",
            "projection_type": "PERSP",
            "ortho_scale": 6.0,
            "camera_angle_x": 0.8575560450553894,
            "elevation": 0.2617993877991494,
            "azimuth": 4.5553093477052,
            "transform_matrix": [
                [
                    0.9876883625984192,
                    0.040488217025995255,
                    -0.15110406279563904,
                    -0.27198734879493713
                ],
                [
                    -0.15643444657325745,
                    0.25563257932662964,
                    -0.9540336728096008,
                    -1.7172605991363525
                ],
                [
                    -1.7344565783616872e-09,
                    0.9659258127212524,
                    0.2588190734386444,
                    0.4658742845058441
                ],
                [
                    0.0,
                    0.0,
                    0.0,
                    1.0
                ]
            ]
        },
        {
            "index": "0028",
            "projection_type": "PERSP",
            "ortho_scale": 6.0,
            "camera_angle_x": 0.8575560450553894,
            "elevation": 0.2617993877991494,
            "azimuth": 4.60766922526503,
            "transform_matrix": [
                [
                    0.9945219159126282,
                    0.02705397643148899,
                    -0.10096673667430878,
                    -0.18174013495445251
                ],
                [
                    -0.10452846437692642,
                    0.25740134716033936,
                    -0.9606343507766724,
                    -1.7291418313980103
                ],
                [
                    -4.319200996860673e-09,
                    0.9659258127212524,
                    0.25881919264793396,
                    0.4658742845058441
                ],
                [
                    0.0,
                    0.0,
                    0.0,
                    1.0
                ]
            ]
        },
        {
            "index": "0029",
            "projection_type": "PERSP",
            "ortho_scale": 6.0,
            "camera_angle_x": 0.8575560450553894,
            "elevation": 0.2617993877991494,
            "azimuth": 4.6600291028248595,
            "transform_matrix": [
                [
                    0.9986295104026794,
                    0.01354554109275341,
                    -0.05055265501141548,
                    -0.09099477529525757
                ],
                [
                    -0.0523359589278698,
                    0.2584642469882965,
                    -0.9646021127700806,
                    -1.7362836599349976
                ],
                [
                    -3.5832685707504197e-09,
                    0.9659258723258972,
                    0.25881895422935486,
                    0.4658742845058441
                ],
                [
                    0.0,
                    0.0,
                    0.0,
                    1.0
                ]
            ]
        },
        {
            "index": "0030",
            "projection_type": "PERSP",
            "ortho_scale": 6.0,
            "camera_angle_x": 0.8575560450553894,
            "elevation": 0.2617993877991494,
            "azimuth": 4.71238898038469,
            "transform_matrix": [
                [
                    1.0,
                    4.75442703492942e-17,
                    -1.7743769263558231e-16,
                    -3.1938785468498205e-16
                ],
                [
                    -1.8369701465288538e-16,
                    0.2588190734386444,
                    -0.9659258127212524,
                    -1.7386665344238281
                ],
                [
                    1.8946185956663392e-23,
                    0.9659258127212524,
                    0.2588190734386444,
                    0.4658742845058441
                ],
                [
                    0.0,
                    0.0,
                    0.0,
                    1.0
                ]
            ]
        },
        {
            "index": "0031",
            "projection_type": "PERSP",
            "ortho_scale": 6.0,
            "camera_angle_x": 0.8575560450553894,
            "elevation": 0.2617993877991494,
            "azimuth": 4.76474885794452,
            "transform_matrix": [
                [
                    0.9986295104026794,
                    -0.01354554109275341,
                    0.05055265501141548,
                    0.09099477529525757
                ],
                [
                    0.0523359589278698,
                    0.2584642469882965,
                    -0.9646021127700806,
                    -1.7362836599349976
                ],
                [
                    3.5832685707504197e-09,
                    0.9659258723258972,
                    0.25881895422935486,
                    0.4658742845058441
                ],
                [
                    0.0,
                    0.0,
                    0.0,
                    1.0
                ]
            ]
        },
        {
            "index": "0032",
            "projection_type": "PERSP",
            "ortho_scale": 6.0,
            "camera_angle_x": 0.8575560450553894,
            "elevation": 0.2617993877991494,
            "azimuth": 4.817108735504349,
            "transform_matrix": [
                [
                    0.9945219159126282,
                    -0.02705397643148899,
                    0.10096673667430878,
                    0.18174013495445251
                ],
                [
                    0.10452846437692642,
                    0.25740134716033936,
                    -0.9606343507766724,
                    -1.7291418313980103
                ],
                [
                    4.319200996860673e-09,
                    0.9659258127212524,
                    0.25881919264793396,
                    0.4658742845058441
                ],
                [
                    0.0,
                    0.0,
                    0.0,
                    1.0
                ]
            ]
        },
        {
            "index": "0033",
            "projection_type": "PERSP",
            "ortho_scale": 6.0,
            "camera_angle_x": 0.8575560450553894,
            "elevation": 0.2617993877991494,
            "azimuth": 4.869468613064179,
            "transform_matrix": [
                [
                    0.9876883625984192,
                    -0.040488217025995255,
                    0.15110406279563904,
                    0.27198734879493713
                ],
                [
                    0.15643444657325745,
                    0.25563257932662964,
                    -0.9540336728096008,
                    -1.7172605991363525
                ],
                [
                    1.7344565783616872e-09,
                    0.9659258127212524,
                    0.2588190734386444,
                    0.4658742845058441
                ],
                [
                    0.0,
                    0.0,
                    0.0,
                    1.0
                ]
            ]
        },
        {
            "index": "0034",
            "projection_type": "PERSP",
            "ortho_scale": 6.0,
            "camera_angle_x": 0.8575560450553894,
            "elevation": 0.2617993877991494,
            "azimuth": 4.9218284906240095,
            "transform_matrix": [
                [
                    0.9781476259231567,
                    -0.053811486810445786,
                    0.20082730054855347,
                    0.36148908734321594
                ],
                [
                    0.20791171491146088,
                    0.2531631290912628,
                    -0.9448180198669434,
                    -1.7006725072860718
                ],
                [
                    -3.4510208024585154e-09,
                    0.9659258723258972,
                    0.25881895422935486,
                    0.4658742845058441
                ],
                [
                    0.0,
                    0.0,
                    0.0,
                    1.0
                ]
            ]
        },
        {
            "index": "0035",
            "projection_type": "PERSP",
            "ortho_scale": 6.0,
            "camera_angle_x": 0.8575560450553894,
            "elevation": 0.2617993877991494,
            "azimuth": 4.974188368183839,
            "transform_matrix": [
                [
                    0.9659258127212524,
                    -0.0669872984290123,
                    0.2500000596046448,
                    0.44999998807907104
                ],
                [
                    0.2588191032409668,
                    0.24999991059303284,
                    -0.9330127239227295,
                    -1.6794228553771973
                ],
                [
                    1.0555529783573547e-08,
                    0.9659258723258972,
                    0.25881895422935486,
                    0.4658742845058441
                ],
                [
                    0.0,
                    0.0,
                    0.0,
                    1.0
                ]
            ]
        },
        {
            "index": "0036",
            "projection_type": "PERSP",
            "ortho_scale": 6.0,
            "camera_angle_x": 0.8575560450553894,
            "elevation": 0.2617993877991494,
            "azimuth": 5.026548245743669,
            "transform_matrix": [
                [
                    0.9510564804077148,
                    -0.07997943460941315,
                    0.2984875440597534,
                    0.5372775197029114
                ],
                [
                    0.30901703238487244,
                    0.24615134298801422,
                    -0.9186500906944275,
                    -1.6535700559616089
                ],
                [
                    8.035888399149371e-09,
                    0.9659258723258972,
                    0.2588188350200653,
                    0.4658742845058441
                ],
                [
                    0.0,
                    0.0,
                    0.0,
                    1.0
                ]
            ]
        },
        {
            "index": "0037",
            "projection_type": "PERSP",
            "ortho_scale": 6.0,
            "camera_angle_x": 0.8575560450553894,
            "elevation": 0.2617993877991494,
            "azimuth": 5.078908123303499,
            "transform_matrix": [
                [
                    0.9335803985595703,
                    -0.09275247901678085,
                    0.34615689516067505,
                    0.6230823397636414
                ],
                [
                    0.3583679795265198,
                    0.24162840843200684,
                    -0.9017693996429443,
                    -1.6231850385665894
                ],
                [
                    9.114469179394291e-09,
                    0.9659258127212524,
                    0.2588190734386444,
                    0.4658742845058441
                ],
                [
                    0.0,
                    0.0,
                    0.0,
                    1.0
                ]
            ]
        },
        {
            "index": "0038",
            "projection_type": "PERSP",
            "ortho_scale": 6.0,
            "camera_angle_x": 0.8575560450553894,
            "elevation": 0.2617993877991494,
            "azimuth": 5.1312680008633285,
            "transform_matrix": [
                [
