{
    "width": 1024,
    "height": 1024,
    "model": "SceneGen-latest",
    "locations": [
        {
            "index": "0000",
            "projection_type": "PERSP",
            "ortho_scale": 6.0,
            "camera_angle_x": 0.8575560450553894,
            "elevation": 0.2617993877991494,
            "azimuth": 2.0943951023931953,
            "transform_matrix": [
                [
                    -0.8660255074501038,
                    0.12940950691699982,
                    -0.4829627573490143,
                    -0.7244443893432617
                ],
                [
                    -0.4999998211860657,
                    -0.22414377331733704,
                    0.8365164399147034,
                    1.2547744512557983
                ],
                [
                    8.597849898706045e-08,
                    0.9659258723258972,
                    0.25881895422935486,
                    0.38822856545448303
                ],
                [
                    0.0,
                    0.0,
                    0.0,
                    1.0
                ]
            ]
        },
        {
            "index": "0001",
            "projection_type": "PERSP",
            "ortho_scale": 6.0,
            "camera_angle_x": 0.8575560450553894,
            "elevation": 0.2617993877991494,
            "azimuth": 2.1467549799530254,
            "transform_matrix": [
                [
                    -0.8386707305908203,
                    0.14096277952194214,
                    -0.5260807275772095,
                    -0.7891213893890381
                ],
                [
                    -0.5446388125419617,
                    -0.21706391870975494,
                    0.8100937008857727,
                    1.2151403427124023
                ],
                [
                    -9.213572838007167e-08,
                    0.9659258723258972,
                    0.25881895422935486,
                    0.38822856545448303
                ],
                [
                    0.0,
                    0.0,
                    0.0,
                    1.0
                ]
            ]
        },
        {
            "index": "0002",
            "projection_type": "PERSP",
            "ortho_scale": 6.0,
            "camera_angle_x": 0.8575560450553894,
            "elevation": 0.2617993877991494,
            "azimuth": 2.199114857512855,
            "transform_matrix": [
                [
                    -0.8090170621871948,
                    0.15212979912757874,
                    -0.5677569508552551,
                    -0.8516354560852051
                ],
                [
                    -0.5877851843833923,
                    -0.20938891172409058,
                    0.7814504504203796,
                    1.172175645828247
                ],
                [
                    -1.0374312608973923e-07,
                    0.9659258723258972,
                    0.2588188350200653,
                    0.38822856545448303
                ],
                [
                    0.0,
                    0.0,
                    0.0,
                    1.0
                ]
            ]
        },
        {
            "index": "0003",
            "projection_type": "PERSP",
            "ortho_scale": 6.0,
            "camera_angle_x": 0.8575560450553894,
            "elevation": 0.2617993877991494,
            "azimuth": 2.251474735072685,
            "transform_matrix": [
                [
                    -0.77714604139328,
                    0.16288013756275177,
                    -0.607876718044281,
                    -0.9118152260780334
                ],
                [
                    -0.6293202638626099,
                    -0.20114018023014069,
                    0.7506654262542725,
                    1.1259980201721191
                ],
                [
                    5.724541907170533e-08,
                    0.9659258127212524,
                    0.2588190734386444,
                    0.38822856545448303
                ],
                [
                    0.0,
                    0.0,
                    0.0,
                    1.0
                ]
            ]
        },
        {
            "index": "0004",
            "projection_type": "PERSP",
            "ortho_scale": 6.0,
            "camera_angle_x": 0.8575560450553894,
            "elevation": 0.2617993877991494,
            "azimuth": 2.303834612632515,
            "transform_matrix": [
                [
                    -0.7431448101997375,
                    0.17318390309810638,
                    -0.6463305354118347,
                    -0.9694957733154297
                ],
                [
                    -0.6691306233406067,
                    -0.19234007596969604,
                    0.7178227305412292,
                    1.076734185218811
                ],
                [
                    7.978417215781519e-08,
                    0.9659258127212524,
                    0.25881919264793396,
                    0.38822856545448303
                ],
                [
                    0.0,
                    0.0,
                    0.0,
                    1.0
                ]
            ]
        },
        {
            "index": "0005",
            "projection_type": "PERSP",
            "ortho_scale": 6.0,
            "camera_angle_x": 0.8575560450553894,
            "elevation": 0.2617993877991494,
            "azimuth": 2.356194490192345,
            "transform_matrix": [
                [
                    -0.7071067690849304,
                    0.18301278352737427,
                    -0.6830126643180847,
                    -1.0245190858840942
                ],
                [
                    -0.7071067690849304,
                    -0.18301266431808472,
                    0.6830127239227295,
                    1.0245190858840942
                ],
                [
                    8.891375813391278e-08,
                    0.9659258127212524,
                    0.2588190734386444,
                    0.38822856545448303
                ],
                [
                    0.0,
                    0.0,
                    0.0,
                    1.0
                ]
            ]
        },
        {
            "index": "0006",
            "projection_type": "PERSP",
            "ortho_scale": 6.0,
            "camera_angle_x": 0.8575560450553894,
            "elevation": 0.2617993877991494,
            "azimuth": 2.4085543677521746,
            "transform_matrix": [
                [
                    -0.6691306829452515,
                    0.19234000146389008,
                    -0.7178227305412292,
                    -1.076734185218811
                ],
                [
                    -0.7431448101997375,
                    -0.17318399250507355,
                    0.6463305354118347,
                    0.9694957733154297
                ],
                [
                    -1.9219127977976314e-07,
                    0.9659258127212524,
                    0.25881919264793396,
                    0.38822856545448303
                ],
                [
                    0.0,
                    0.0,
                    0.0,
                    1.0
                ]
            ]
        },
        {
            "index": "0007",
            "projection_type": "PERSP",
            "ortho_scale": 6.0,
            "camera_angle_x": 0.8575560450553894,
            "elevation": 0.2617993877991494,
            "azimuth": 2.4609142453120048,
            "transform_matrix": [
                [
                    -0.6293206810951233,
                    0.20114001631736755,
                    -0.7506651878356934,
                    -1.1259980201721191
                ],
                [
                    -0.7771457433700562,
                    -0.1628803312778473,
                    0.6078770756721497,
                    0.9118152260780334
                ],
                [
                    -1.848708137686117e-07,
                    0.9659258127212524,
                    0.2588190734386444,
                    0.38822856545448303
                ],
                [
                    0.0,
                    0.0,
                    0.0,
                    1.0
                ]
            ]
        },
        {
            "index": "0008",
            "projection_type": "PERSP",
            "ortho_scale": 6.0,
            "camera_angle_x": 0.8575560450553894,
            "elevation": 0.2617993877991494,
            "azimuth": 2.5132741228718345,
            "transform_matrix": [
                [
                    -0.5877851843833923,
                    0.20938898622989655,
                    -0.7814504504203796,
                    -1.172175645828247
                ],
                [
                    -0.80901700258255,
                    -0.15213008224964142,
                    0.5677568912506104,
                    0.8516354560852051
                ],
                [
                    -7.40283212508075e-08,
                    0.9659258127212524,
                    0.2588190734386444,
                    0.38822856545448303
                ],
                [
                    0.0,
                    0.0,
                    0.0,
                    1.0
                ]
            ]
        },
        {
            "index": "0009",
            "projection_type": "PERSP",
            "ortho_scale": 6.0,
            "camera_angle_x": 0.8575560450553894,
            "elevation": 0.2617993877991494,
            "azimuth": 2.5656340004316642,
            "transform_matrix": [
                [
                    -0.5446390509605408,
                    0.21706391870975494,
                    -0.8100935816764832,
                    -1.2151403427124023
                ],
                [
                    -0.838670551776886,
                    -0.14096300303936005,
                    0.5260809063911438,
                    0.7891213893890381
                ],
                [
                    -3.72925939018387e-08,
                    0.9659258127212524,
                    0.2588190734386444,
                    0.38822856545448303
                ],
                [
                    0.0,
                    0.0,
                    0.0,
                    1.0
                ]
            ]
        },
        {
            "index": "0010",
            "projection_type": "PERSP",
            "ortho_scale": 6.0,
            "camera_angle_x": 0.8575560450553894,
            "elevation": 0.2617993877991494,
            "azimuth": 2.6179938779914944,
            "transform_matrix": [
                [
                    -0.5000000596046448,
                    0.22414369881153107,
                    -0.8365163207054138,
                    -1.2547744512557983
                ],
                [
                    -0.8660253882408142,
                    -0.12940962612628937,
                    0.4829629361629486,
                    0.7244443893432617
                ],
                [
                    -1.5852964452278684e-07,
                    0.9659258723258972,
                    0.25881895422935486,
                    0.38822856545448303
                ],
                [
                    0.0,
                    0.0,
                    0.0,
                    1.0
                ]
            ]
        },
        {
            "index": "0011",
            "projection_type": "PERSP",
            "ortho_scale": 6.0,
            "camera_angle_x": 0.8575560450553894,
            "elevation": 0.2617993877991494,
            "azimuth": 2.670353755551324,
            "transform_matrix": [
                [
                    -0.4539906084537506,
                    0.23060935735702515,
                    -0.8606461882591248,
                    -1.2909693717956543
                ],
                [
                    -0.8910064697265625,
                    -0.1175013929605484,
                    0.43852126598358154,
                    0.657781720161438
                ],
                [
                    -2.0493866159654317e-08,
                    0.9659258723258972,
                    0.25881895422935486,
                    0.38822856545448303
                ],
                [
                    0.0,
                    0.0,
                    0.0,
                    1.0
                ]
            ]
        },
        {
            "index": "0012",
            "projection_type": "PERSP",
            "ortho_scale": 6.0,
            "camera_angle_x": 0.8575560450553894,
            "elevation": 0.2617993877991494,
            "azimuth": 2.722713633111154,
            "transform_matrix": [
                [
                    -0.40673670172691345,
                    0.23644277453422546,
                    -0.8824172019958496,
                    -1.3236256837844849
                ],
                [
                    -0.9135454297065735,
                    -0.10527137666940689,
                    0.3928774297237396,
                    0.5893161296844482
                ],
                [
                    -2.3728351550289517e-07,
                    0.9659258723258972,
                    0.25881895422935486,
                    0.38822856545448303
                ],
                [
                    0.0,
                    0.0,
                    0.0,
                    1.0
                ]
            ]
        },
        {
            "index": "0013",
            "projection_type": "PERSP",
            "ortho_scale": 6.0,
            "camera_angle_x": 0.8575560450553894,
            "elevation": 0.2617993877991494,
            "azimuth": 2.775073510670984,
            "transform_matrix": [
                [
                    -0.3583679497241974,
                    0.24162842333316803,
                    -0.9017694592475891,
                    -1.352654218673706
                ],
                [
                    -0.9335804581642151,
                    -0.09275243431329727,
                    0.34615686535835266,
                    0.5192353129386902
                ],
                [
                    2.1511903369741958e-08,
                    0.9659258127212524,
                    0.2588190734386444,
                    0.38822856545448303
                ],
                [
                    0.0,
                    0.0,
                    0.0,
                    1.0
                ]
            ]
        },
        {
            "index": "0014",
            "projection_type": "PERSP",
            "ortho_scale": 6.0,
            "camera_angle_x": 0.8575560450553894,
            "elevation": 0.2617993877991494,
            "azimuth": 2.827433388230814,
            "transform_matrix": [
                [
                    -0.30901703238487244,
                    0.24615144729614258,
                    -0.9186500310897827,
                    -1.3779751062393188
                ],
                [
                    -0.9510564804077148,
                    -0.07997946441173553,
                    0.2984875440597534,
                    0.44773125648498535
                ],
                [
                    6.251047679484145e-09,
                    0.9659258723258972,
                    0.25881895422935486,
                    0.38822856545448303
                ],
                [
                    0.0,
                    0.0,
                    0.0,
                    1.0
                ]
            ]
        },
        {
            "index": "0015",
            "projection_type": "PERSP",
            "ortho_scale": 6.0,
            "camera_angle_x": 0.8575560450553894,
            "elevation": 0.2617993877991494,
            "azimuth": 2.8797932657906435,
            "transform_matrix": [
                [
                    -0.25881925225257874,
                    0.24999989569187164,
                    -0.9330126643180847,
                    -1.3995190858840942
                ],
                [
                    -0.9659257531166077,
                    -0.06698732823133469,
                    0.2500002086162567,
                    0.375
                ],
                [
                    6.6087739725162464e-09,
                    0.9659258723258972,
                    0.25881895422935486,
                    0.38822856545448303
                ],
                [
                    0.0,
                    0.0,
                    0.0,
                    1.0
                ]
            ]
        },
        {
            "index": "0016",
            "projection_type": "PERSP",
            "ortho_scale": 6.0,
            "camera_angle_x": 0.8575560450553894,
            "elevation": 0.2617993877991494,
            "azimuth": 2.9321531433504737,
            "transform_matrix": [
                [
                    -0.2079116255044937,
                    0.25316324830055237,
                    -0.9448180198669434,
                    -1.417227029800415
                ],
                [
                    -0.9781476259231567,
                    -0.05381154268980026,
                    0.2008271962404251,
                    0.3012409210205078
                ],
                [
                    -5.20744940502027e-08,
                    0.9659258127212524,
                    0.2588190734386444,
                    0.38822856545448303
                ],
                [
                    0.0,
                    0.0,
                    0.0,
                    1.0
                ]
            ]
        },
        {
            "index": "0017",
            "projection_type": "PERSP",
            "ortho_scale": 6.0,
            "camera_angle_x": 0.8575560450553894,
            "elevation": 0.2617993877991494,
            "azimuth": 2.9845130209103035,
            "transform_matrix": [
                [
                    -0.156434565782547,
                    0.2556324601173401,
                    -0.9540336728096008,
                    -1.4310505390167236
                ],
                [
                    -0.9876883029937744,
                    -0.04048830270767212,
                    0.1511041820049286,
                    0.22665613889694214
                ],
                [
                    -7.54888560550171e-08,
                    0.9659258723258972,
                    0.25881895422935486,
                    0.38822856545448303
                ],
                [
                    0.0,
                    0.0,
                    0.0,
                    1.0
                ]
            ]
        },
        {
            "index": "0018",
            "projection_type": "PERSP",
            "ortho_scale": 6.0,
            "camera_angle_x": 0.8575560450553894,
            "elevation": 0.2617993877991494,
            "azimuth": 3.036872898470133,
            "transform_matrix": [
                [
                    -0.10452838987112045,
                    0.25740131735801697,
                    -0.9606343507766724,
                    -1.4409515857696533
                ],
                [
                    -0.9945219159126282,
                    -0.027054153382778168,
                    0.10096661746501923,
                    0.15145011246204376
                ],
                [
                    -2.0916597520681535e-07,
                    0.9659258127212524,
                    0.25881919264793396,
                    0.38822856545448303
                ],
                [
                    0.0,
                    0.0,
                    0.0,
                    1.0
                ]
            ]
        },
        {
            "index": "0019",
            "projection_type": "PERSP",
            "ortho_scale": 6.0,
            "camera_angle_x": 0.8575560450553894,
            "elevation": 0.2617993877991494,
            "azimuth": 3.0892327760299634,
            "transform_matrix": [
                [
                    -0.052336178719997406,
                    0.2584642469882965,
                    -0.9646020531654358,
                    -1.446903109550476
                ],
                [
                    -0.9986295104026794,
                    -0.01354566216468811,
                    0.0505528524518013,
                    0.07582897692918777
                ],
                [
                    -6.942226349337943e-08,
                    0.9659258723258972,
                    0.25881895422935486,
                    0.38822856545448303
                ],
                [
                    0.0,
                    0.0,
                    0.0,
                    1.0
                ]
            ]
        },
        {
            "index": "0020",
            "projection_type": "PERSP",
            "ortho_scale": 6.0,
            "camera_angle_x": 0.8575560450553894,
            "elevation": 0.2617993877991494,
            "azimuth": 3.141592653589793,
            "transform_matrix": [
                [
                    -4.371138828673793e-08,
                    0.2588190734386444,
                    -0.9659258127212524,
                    -1.4488887786865234
                ],
                [
                    -1.0,
                    -6.087958581701969e-08,
                    2.8940725371739973e-08,
                    1.7743769263558231e-16
                ],
                [
                    -5.1314749782704894e-08,
                    0.9659258127212524,
                    0.2588190734386444,
                    0.38822856545448303
                ],
                [
                    0.0,
                    0.0,
                    0.0,
                    1.0
                ]
            ]
        },
        {
            "index": "0021",
            "projection_type": "PERSP",
            "ortho_scale": 6.0,
            "camera_angle_x": 0.8575560450553894,
            "elevation": 0.2617993877991494,
            "azimuth": 3.193952531149623,
            "transform_matrix": [
                [
                    0.05233573541045189,
                    0.25846412777900696,
                    -0.9646021127700806,
                    -1.446903109550476
                ],
                [
                    -0.9986295700073242,
                    0.013545508496463299,
                    -0.050552431493997574,
                    -0.07582897692918777
                ],
                [
                    3.543027560226619e-08,
                    0.9659258723258972,
                    0.2588188350200653,
                    0.38822856545448303
                ],
                [
                    0.0,
                    0.0,
                    0.0,
                    1.0
                ]
            ]
        },
        {
            "index": "0022",
            "projection_type": "PERSP",
            "ortho_scale": 6.0,
            "camera_angle_x": 0.8575560450553894,
            "elevation": 0.2617993877991494,
            "azimuth": 3.246312408709453,
            "transform_matrix": [
                [
                    0.10452830046415329,
                    0.25740113854408264,
                    -0.9606344103813171,
                    -1.4409515857696533
                ],
                [
                    -0.9945219159126282,
                    0.027053801342844963,
                    -0.10096661746501923,
                    -0.15145011246204376
                ],
                [
                    -1.0896057744957943e-07,
                    0.9659258723258972,
                    0.25881895422935486,
                    0.38822856545448303
                ],
                [
                    0.0,
                    0.0,
                    0.0,
                    1.0
                ]
            ]
        },
        {
            "index": "0023",
            "projection_type": "PERSP",
            "ortho_scale": 6.0,
            "camera_angle_x": 0.8575560450553894,
            "elevation": 0.2617993877991494,
            "azimuth": 3.2986722862692828,
            "transform_matrix": [
                [
                    0.15643413364887238,
                    0.2556323707103729,
                    -0.9540337920188904,
                    -1.4310505390167236
                ],
                [
                    -0.987688422203064,
                    0.04048809036612511,
                    -0.15110377967357635,
                    -0.22665613889694214
                ],
                [
                    -1.040461850010388e-08,
                    0.9659258723258972,
                    0.2588188350200653,
                    0.38822856545448303
                ],
                [
                    0.0,
                    0.0,
                    0.0,
                    1.0
                ]
            ]
        },
        {
            "index": "0024",
            "projection_type": "PERSP",
            "ortho_scale": 6.0,
            "camera_angle_x": 0.8575560450553894,
            "elevation": 0.2617993877991494,
            "azimuth": 3.351032163829113,
            "transform_matrix": [
                [
                    0.20791153609752655,
                    0.25316300988197327,
                    -0.9448181390762329,
                    -1.417227029800415
                ],
                [
                    -0.9781476259231567,
                    0.05381150171160698,
                    -0.20082710683345795,
                    -0.3012409210205078
                ],
                [
                    8.352615310514011e-08,
                    0.9659258723258972,
                    0.2588188350200653,
                    0.38822856545448303
                ],
                [
                    0.0,
                    0.0,
                    0.0,
                    1.0
                ]
            ]
        },
        {
            "index": "0025",
            "projection_type": "PERSP",
            "ortho_scale": 6.0,
            "camera_angle_x": 0.8575560450553894,
            "elevation": 0.2617993877991494,
            "azimuth": 3.4033920413889427,
            "transform_matrix": [
                [
                    0.2588188350200653,
                    0.24999992549419403,
                    -0.9330127835273743,
                    -1.3995190858840942
                ],
                [
                    -0.9659258723258972,
                    0.06698719412088394,
                    -0.24999980628490448,
                    -0.375
                ],
                [
                    -2.8661865769663564e-08,
                    0.9659258723258972,
                    0.25881895422935486,
                    0.38822856545448303
                ],
                [
                    0.0,
                    0.0,
                    0.0,
                    1.0
                ]
            ]
        },
        {
            "index": "0026",
            "projection_type": "PERSP",
            "ortho_scale": 6.0,
            "camera_angle_x": 0.8575560450553894,
            "elevation": 0.2617993877991494,
            "azimuth": 3.4557519189487724,
            "transform_matrix": [
                [
                    0.3090168535709381,
                    0.24615144729614258,
                    -0.9186501502990723,
                    -1.3779751062393188
                ],
                [
                    -0.9510565400123596,
                    0.07997947931289673,
                    -0.2984873354434967,
                    -0.44773125648498535
                ],
                [
                    6.870153868021589e-08,
                    0.9659258723258972,
                    0.25881895422935486,
                    0.38822856545448303
                ],
                [
                    0.0,
                    0.0,
                    0.0,
                    1.0
                ]
            ]
        },
        {
            "index": "0027",
            "projection_type": "PERSP",
            "ortho_scale": 6.0,
            "camera_angle_x": 0.8575560450553894,
            "elevation": 0.2617993877991494,
            "azimuth": 3.5081117965086026,
            "transform_matrix": [
                [
                    0.3583678603172302,
                    0.24162843823432922,
                    -0.9017694592475891,
                    -1.352654218673706
                ],
                [
                    -0.9335804581642151,
                    0.09275239706039429,
                    -0.3461567759513855,
                    -0.5192353129386902
                ],
                [
                    -4.234784967138694e-08,
                    0.9659258127212524,
                    0.2588190734386444,
                    0.38822856545448303
                ],
                [
                    0.0,
                    0.0,
                    0.0,
                    1.0
                ]
            ]
        },
        {
            "index": "0028",
            "projection_type": "PERSP",
            "ortho_scale": 6.0,
            "camera_angle_x": 0.8575560450553894,
            "elevation": 0.2617993877991494,
            "azimuth": 3.5604716740684323,
            "transform_matrix": [
                [
                    0.4067366123199463,
                    0.23644299805164337,
                    -0.8824171423912048,
                    -1.3236256837844849
                ],
                [
                    -0.9135454893112183,
                    0.10527117550373077,
                    -0.39287739992141724,
                    -0.5893161296844482
                ],
                [
                    -2.1603725031127397e-08,
                    0.9659258127212524,
                    0.2588190734386444,
                    0.38822856545448303
                ],
                [
                    0.0,
                    0.0,
                    0.0,
                    1.0
                ]
            ]
        },
        {
            "index": "0029",
            "projection_type": "PERSP",
            "ortho_scale": 6.0,
            "camera_angle_x": 0.8575560450553894,
            "elevation": 0.2617993877991494,
            "azimuth": 3.612831551628262,
            "transform_matrix": [
                [
                    0.4539904296398163,
                    0.23060943186283112,
                    -0.8606462478637695,
                    -1.2909693717956543
                ],
                [
                    -0.891006588935852,
                    0.11750122159719467,
                    -0.4385211169719696,
                    -0.657781720161438
                ],
                [
                    -1.1721770221129191e-07,
                    0.9659258723258972,
                    0.25881895422935486,
                    0.38822856545448303
                ],
                [
                    0.0,
                    0.0,
                    0.0,
                    1.0
                ]
            ]
        },
        {
            "index": "0030",
            "projection_type": "PERSP",
            "ortho_scale": 6.0,
            "camera_angle_x": 0.8575560450553894,
            "elevation": 0.2617993877991494,
            "azimuth": 3.6651914291880923,
            "transform_matrix": [
                [
                    0.49999988079071045,
                    0.2241438627243042,
                    -0.8365163803100586,
                    -1.2547744512557983
                ],
                [
                    -0.8660255074501038,
                    0.12940935790538788,
                    -0.48296281695365906,
                    -0.7244443893432617
                ],
                [
                    -1.0607979561427783e-07,
                    0.9659258723258972,
                    0.25881895422935486,
                    0.38822856545448303
                ],
                [
                    0.0,
                    0.0,
                    0.0,
                    1.0
                ]
            ]
        },
        {
            "index": "0031",
            "projection_type": "PERSP",
            "ortho_scale": 6.0,
            "camera_angle_x": 0.8575560450553894,
            "elevation": 0.2617993877991494,
            "azimuth": 3.717551306747922,
            "transform_matrix": [
                [
                    0.5446391105651855,
                    0.21706391870975494,
                    -0.8100935220718384,
                    -1.2151403427124023
                ],
                [
                    -0.8386704921722412,
                    0.14096298813819885,
                    -0.5260809659957886,
                    -0.7891213893890381
                ],
                [
                    -4.264510522489218e-09,
                    0.9659258127212524,
                    0.2588190734386444,
                    0.38822856545448303
                ],
                [
                    0.0,
                    0.0,
                    0.0,
                    1.0
                ]
            ]
        },
        {
            "index": "0032",
            "projection_type": "PERSP",
            "ortho_scale": 6.0,
            "camera_angle_x": 0.8575560450553894,
            "elevation": 0.2617993877991494,
            "azimuth": 3.7699111843077517,
            "transform_matrix": [
                [
                    0.5877853035926819,
                    0.20938906073570251,
                    -0.7814503312110901,
                    -1.172175645828247
                ],
                [
                    -0.8090169429779053,
                    0.15213017165660858,
                    -0.5677570104598999,
                    -0.8516354560852051
                ],
                [
                    6.422499154723482e-08,
                    0.9659258127212524,
                    0.25881919264793396,
                    0.38822856545448303
                ],
                [
                    0.0,
                    0.0,
                    0.0,
                    1.0
                ]
            ]
        },
        {
            "index": "0033",
            "projection_type": "PERSP",
            "ortho_scale": 6.0,
            "camera_angle_x": 0.8575560450553894,
            "elevation": 0.2617993877991494,
            "azimuth": 3.822271061867582,
            "transform_matrix": [
                [
                    0.6293202042579651,
                    0.20114010572433472,
                    -0.7506654858589172,
                    -1.1259980201721191
                ],
                [
                    -0.7771461009979248,
                    0.1628798544406891,
                    -0.607876718044281,
                    -0.9118152260780334
                ],
                [
                    -1.0339223877053882e-07,
                    0.9659258723258972,
                    0.2588188350200653,
                    0.38822856545448303
                ],
                [
                    0.0,
                    0.0,
                    0.0,
                    1.0
                ]
            ]
        },
        {
            "index": "0034",
            "projection_type": "PERSP",
            "ortho_scale": 6.0,
            "camera_angle_x": 0.8575560450553894,
            "elevation": 0.2617993877991494,
            "azimuth": 3.8746309394274117,
            "transform_matrix": [
                [
                    0.6691305637359619,
                    0.19234009087085724,
                    -0.7178228497505188,
                    -1.076734185218811
                ],
                [
                    -0.7431448698043823,
                    0.17318370938301086,
                    -0.6463304758071899,
                    -0.9694957733154297
                ],
                [
                    -3.7901674687645937e-08,
                    0.9659258127212524,
                    0.2588190734386444,
                    0.38822856545448303
                ],
                [
                    0.0,
                    0.0,
                    0.0,
                    1.0
                ]
            ]
        },
        {
            "index": "0035",
            "projection_type": "PERSP",
            "ortho_scale": 6.0,
            "camera_angle_x": 0.8575560450553894,
            "elevation": 0.2617993877991494,
            "azimuth": 3.9269908169872414,
            "transform_matrix": [
                [
                    0.7071067094802856,
                    0.1830127239227295,
                    -0.6830127835273743,
                    -1.0245190858840942
                ],
                [
                    -0.70710688829422,
                    0.18301256000995636,
                    -0.6830126643180847,
                    -1.0245190858840942
                ],
                [
                    -8.141809360040497e-08,
                    0.9659258723258972,
                    0.25881895422935486,
                    0.38822856545448303
                ],
                [
                    0.0,
                    0.0,
                    0.0,
                    1.0
                ]
            ]
        },
        {
            "index": "0036",
            "projection_type": "PERSP",
            "ortho_scale": 6.0,
            "camera_angle_x": 0.8575560450553894,
            "elevation": 0.2617993877991494,
            "azimuth": 3.9793506945470716,
            "transform_matrix": [
                [
                    0.7431447505950928,
                    0.17318373918533325,
                    -0.6463306546211243,
                    -0.9694957733154297
                ],
                [
                    -0.6691306829452515,
                    0.1923399120569229,
                    -0.7178227305412292,
                    -1.076734185218811
                ],
                [
                    -3.7185007073503584e-08,
                    0.9659258723258972,
                    0.25881895422935486,
                    0.38822856545448303
                ],
                [
                    0.0,
                    0.0,
                    0.0,
                    1.0
                ]
            ]
        },
        {
            "index": "0037",
            "projection_type": "PERSP",
            "ortho_scale": 6.0,
            "camera_angle_x": 0.8575560450553894,
            "elevation": 0.2617993877991494,
            "azimuth": 4.031710572106901,
            "transform_matrix": [
                [
                    0.7771459221839905,
                    0.16288012266159058,
                    -0.6078768968582153,
                    -0.9118152260780334
                ],
                [
                    -0.6293204426765442,
                    0.20114004611968994,
                    -0.7506653666496277,
                    -1.1259980201721191
                ],
                [
                    -7.388265998997667e-08,
                    0.9659258723258972,
                    0.25881895422935486,
                    0.38822856545448303
                ],
                [
                    0.0,
                    0.0,
                    0.0,
                    1.0
                ]
            ]
        },
        {
            "index": "0038",
            "projection_type": "PERSP",
            "ortho_scale": 6.0,
            "camera_angle_x": 0.8575560450553894,
            "elevation": 0.2617993877991494,
            "azimuth": 4.084070449666731,
            "transform_matrix": [
                [
