{
    "width": 1024,
    "height": 1024,
    "model": "SceneGen-latest_1",
    "locations": [
        {
            "index": "0000",
            "projection_type": "PERSP",
            "ortho_scale": 6.0,
            "camera_angle_x": 0.8575560450553894,
            "elevation": 0.2617993877991494,
            "azimuth": 4.1887902047863905,
            "transform_matrix": [
                [
                    0.866025447845459,
                    0.12940946221351624,
                    -0.48296287655830383,
                    -0.8210369348526001
                ],
                [
                    -0.4999999701976776,
                    0.22414380311965942,
                    -0.8365163207054138,
                    -1.4220777750015259
                ],
                [
                    6.95686708240828e-09,
                    0.9659258723258972,
                    0.25881895422935486,
                    0.43999236822128296
                ],
                [
                    0.0,
                    0.0,
                    0.0,
                    1.0
                ]
            ]
        },
        {
            "index": "0001",
            "projection_type": "PERSP",
            "ortho_scale": 6.0,
            "camera_angle_x": 0.8575560450553894,
            "elevation": 0.2617993877991494,
            "azimuth": 4.241150082346221,
            "transform_matrix": [
                [
                    0.8910064697265625,
                    0.11750135570764542,
                    -0.43852126598358154,
                    -0.7454859614372253
                ],
                [
                    -0.4539906084537506,
                    0.2306092381477356,
                    -0.8606461882591248,
                    -1.4630985260009766
                ],
                [
                    -4.012750665083331e-08,
                    0.9659258723258972,
                    0.2588188350200653,
                    0.43999236822128296
                ],
                [
                    0.0,
                    0.0,
                    0.0,
                    1.0
                ]
            ]
        },
        {
            "index": "0002",
            "projection_type": "PERSP",
            "ortho_scale": 6.0,
            "camera_angle_x": 0.8575560450553894,
            "elevation": 0.2617993877991494,
            "azimuth": 4.293509959906051,
            "transform_matrix": [
                [
                    0.9135454297065735,
                    0.10527108609676361,
                    -0.3928775191307068,
                    -0.6678916215896606
                ],
                [
                    -0.40673670172691345,
                    0.2364426553249359,
                    -0.8824172019958496,
                    -1.5001091957092285
                ],
                [
                    -9.847685333852496e-09,
                    0.965925931930542,
                    0.25881871581077576,
                    0.43999236822128296
                ],
                [
                    0.0,
                    0.0,
                    0.0,
                    1.0
                ]
            ]
        },
        {
            "index": "0003",
            "projection_type": "PERSP",
            "ortho_scale": 6.0,
            "camera_angle_x": 0.8575560450553894,
            "elevation": 0.2617993877991494,
            "azimuth": 4.34586983746588,
            "transform_matrix": [
                [
                    0.9335803985595703,
                    0.09275240451097488,
                    -0.34615689516067505,
                    -0.5884666442871094
                ],
                [
                    -0.3583679795265198,
                    0.24162843823432922,
                    -0.9017693996429443,
                    -1.533008098602295
                ],
                [
                    7.30586577901704e-08,
                    0.9659258127212524,
                    0.2588190734386444,
                    0.43999236822128296
                ],
                [
                    0.0,
                    0.0,
                    0.0,
                    1.0
                ]
            ]
        },
        {
            "index": "0004",
            "projection_type": "PERSP",
            "ortho_scale": 6.0,
            "camera_angle_x": 0.8575560450553894,
            "elevation": 0.2617993877991494,
            "azimuth": 4.39822971502571,
            "transform_matrix": [
                [
                    0.9510564804077148,
                    0.07997950166463852,
                    -0.29848751425743103,
                    -0.507428765296936
                ],
                [
                    -0.30901703238487244,
                    0.24615143239498138,
                    -0.9186500906944275,
                    -1.5617051124572754
                ],
                [
                    -4.034813727571418e-08,
                    0.9659258723258972,
                    0.25881895422935486,
                    0.43999236822128296
                ],
                [
                    0.0,
                    0.0,
                    0.0,
                    1.0
                ]
            ]
        },
        {
            "index": "0005",
            "projection_type": "PERSP",
            "ortho_scale": 6.0,
            "camera_angle_x": 0.8575560450553894,
            "elevation": 0.2617993877991494,
            "azimuth": 4.4505895925855405,
            "transform_matrix": [
                [
                    0.9659258127212524,
                    0.06698726862668991,
                    -0.2500000298023224,
                    -0.42500001192092896
                ],
                [
                    -0.2588190734386444,
                    0.24999991059303284,
                    -0.9330127239227295,
                    -1.5861215591430664
                ],
                [
                    1.4655785030015522e-08,
                    0.9659258723258972,
                    0.25881895422935486,
                    0.43999236822128296
                ],
                [
                    0.0,
                    0.0,
                    0.0,
                    1.0
                ]
            ]
        },
        {
            "index": "0006",
            "projection_type": "PERSP",
            "ortho_scale": 6.0,
            "camera_angle_x": 0.8575560450553894,
            "elevation": 0.2617993877991494,
            "azimuth": 4.50294947014537,
            "transform_matrix": [
                [
                    0.9781476259231567,
                    0.053811486810445786,
                    -0.20082730054855347,
                    -0.34140637516975403
                ],
                [
                    -0.20791171491146088,
                    0.2531631290912628,
                    -0.9448180198669434,
                    -1.6061906814575195
                ],
                [
                    3.4510208024585154e-09,
                    0.9659258723258972,
                    0.25881895422935486,
                    0.43999236822128296
                ],
                [
                    0.0,
                    0.0,
                    0.0,
                    1.0
                ]
            ]
        },
        {
            "index": "0007",
            "projection_type": "PERSP",
            "ortho_scale": 6.0,
            "camera_angle_x": 0.8575560450553894,
            "elevation": 0.2617993877991494,
            "azimuth": 4.5553093477052,
            "transform_matrix": [
                [
                    0.9876883625984192,
                    0.040488217025995255,
                    -0.15110406279563904,
                    -0.25687694549560547
                ],
                [
                    -0.15643444657325745,
                    0.25563257932662964,
                    -0.9540336728096008,
                    -1.6218572854995728
                ],
                [
                    -1.7344565783616872e-09,
                    0.9659258127212524,
                    0.2588190734386444,
                    0.43999236822128296
                ],
                [
                    0.0,
                    0.0,
                    0.0,
                    1.0
                ]
            ]
        },
        {
            "index": "0008",
            "projection_type": "PERSP",
            "ortho_scale": 6.0,
            "camera_angle_x": 0.8575560450553894,
            "elevation": 0.2617993877991494,
            "azimuth": 4.60766922526503,
            "transform_matrix": [
                [
                    0.9945219159126282,
                    0.02705395594239235,
                    -0.10096678137779236,
                    -0.17164346575737
                ],
                [
                    -0.1045285016298294,
                    0.2574009895324707,
                    -0.9606344103813171,
                    -1.6330784559249878
                ],
                [
                    -1.0098260894153555e-08,
                    0.9659258723258972,
                    0.2588188350200653,
                    0.43999236822128296
                ],
                [
                    0.0,
                    0.0,
                    0.0,
                    1.0
                ]
            ]
        },
        {
            "index": "0009",
            "projection_type": "PERSP",
            "ortho_scale": 6.0,
            "camera_angle_x": 0.8575560450553894,
            "elevation": 0.2617993877991494,
            "azimuth": 4.6600291028248595,
            "transform_matrix": [
                [
                    0.9986295104026794,
                    0.013545543886721134,
                    -0.05055265128612518,
                    -0.08593951165676117
                ],
                [
                    -0.0523359589278698,
                    0.2584642469882965,
                    -0.9646021127700806,
                    -1.63982355594635
                ],
                [
                    -6.537727248456804e-09,
                    0.9659258723258972,
                    0.25881895422935486,
                    0.43999236822128296
                ],
                [
                    0.0,
                    0.0,
                    0.0,
                    1.0
                ]
            ]
        },
        {
            "index": "0010",
            "projection_type": "PERSP",
            "ortho_scale": 6.0,
            "camera_angle_x": 0.8575560450553894,
            "elevation": 0.2617993877991494,
            "azimuth": 4.71238898038469,
            "transform_matrix": [
                [
                    1.0,
                    4.75442902016289e-17,
                    -1.7743769263558231e-16,
                    -3.0164407615700095e-16
                ],
                [
                    -1.8369701465288538e-16,
                    0.2588190734386444,
                    -0.9659258127212524,
                    -1.6420738697052002
                ],
                [
                    3.8935176610269303e-25,
                    0.9659258127212524,
                    0.2588190734386444,
                    0.43999236822128296
                ],
                [
                    0.0,
                    0.0,
                    0.0,
                    1.0
                ]
            ]
        },
        {
            "index": "0011",
            "projection_type": "PERSP",
            "ortho_scale": 6.0,
            "camera_angle_x": 0.8575560450553894,
            "elevation": 0.2617993877991494,
            "azimuth": 4.76474885794452,
            "transform_matrix": [
                [
                    0.9986295104026794,
                    -0.013545543886721134,
                    0.05055265128612518,
                    0.08593951165676117
                ],
                [
                    0.0523359589278698,
                    0.2584642469882965,
                    -0.9646021127700806,
                    -1.63982355594635
                ],
                [
                    6.537727248456804e-09,
                    0.9659258723258972,
                    0.25881895422935486,
                    0.43999236822128296
                ],
                [
                    0.0,
                    0.0,
                    0.0,
                    1.0
                ]
            ]
        },
        {
            "index": "0012",
            "projection_type": "PERSP",
            "ortho_scale": 6.0,
            "camera_angle_x": 0.8575560450553894,
            "elevation": 0.2617993877991494,
            "azimuth": 4.817108735504349,
            "transform_matrix": [
                [
                    0.9945219159126282,
                    -0.02705395594239235,
                    0.10096678137779236,
                    0.17164346575737
                ],
                [
                    0.1045285016298294,
                    0.2574009895324707,
                    -0.9606344103813171,
                    -1.6330784559249878
                ],
                [
                    1.0098260894153555e-08,
                    0.9659258723258972,
                    0.2588188350200653,
                    0.43999236822128296
                ],
                [
                    0.0,
                    0.0,
                    0.0,
                    1.0
                ]
            ]
        },
        {
            "index": "0013",
            "projection_type": "PERSP",
            "ortho_scale": 6.0,
            "camera_angle_x": 0.8575560450553894,
            "elevation": 0.2617993877991494,
            "azimuth": 4.869468613064179,
            "transform_matrix": [
                [
                    0.9876883625984192,
                    -0.040488217025995255,
                    0.15110406279563904,
                    0.25687694549560547
                ],
                [
                    0.15643444657325745,
                    0.25563257932662964,
                    -0.9540336728096008,
                    -1.6218572854995728
                ],
                [
                    1.7344565783616872e-09,
                    0.9659258127212524,
                    0.2588190734386444,
                    0.43999236822128296
                ],
                [
                    0.0,
                    0.0,
                    0.0,
                    1.0
                ]
            ]
        },
        {
            "index": "0014",
            "projection_type": "PERSP",
            "ortho_scale": 6.0,
            "camera_angle_x": 0.8575560450553894,
            "elevation": 0.2617993877991494,
            "azimuth": 4.9218284906240095,
            "transform_matrix": [
                [
                    0.9781476259231567,
                    -0.053811486810445786,
                    0.20082730054855347,
                    0.34140637516975403
                ],
                [
                    0.20791171491146088,
                    0.2531631290912628,
                    -0.9448180198669434,
                    -1.6061906814575195
                ],
                [
                    -3.4510208024585154e-09,
                    0.9659258723258972,
                    0.25881895422935486,
                    0.43999236822128296
                ],
                [
                    0.0,
                    0.0,
                    0.0,
                    1.0
                ]
            ]
        },
        {
            "index": "0015",
            "projection_type": "PERSP",
            "ortho_scale": 6.0,
            "camera_angle_x": 0.8575560450553894,
            "elevation": 0.2617993877991494,
            "azimuth": 4.974188368183839,
            "transform_matrix": [
                [
                    0.9659258127212524,
                    -0.06698726862668991,
                    0.2500000298023224,
                    0.42500001192092896
                ],
                [
                    0.2588190734386444,
                    0.24999991059303284,
                    -0.9330127239227295,
                    -1.5861215591430664
                ],
                [
                    -1.4655785030015522e-08,
                    0.9659258723258972,
                    0.25881895422935486,
                    0.43999236822128296
                ],
                [
                    0.0,
                    0.0,
                    0.0,
                    1.0
                ]
            ]
        },
        {
            "index": "0016",
            "projection_type": "PERSP",
            "ortho_scale": 6.0,
            "camera_angle_x": 0.8575560450553894,
            "elevation": 0.2617993877991494,
            "azimuth": 5.026548245743669,
            "transform_matrix": [
                [
                    0.9510564804077148,
                    -0.07997950166463852,
                    0.29848751425743103,
                    0.507428765296936
                ],
                [
                    0.30901703238487244,
                    0.24615143239498138,
                    -0.9186500906944275,
                    -1.5617051124572754
                ],
                [
                    4.034813727571418e-08,
                    0.9659258723258972,
                    0.25881895422935486,
                    0.43999236822128296
                ],
                [
                    0.0,
                    0.0,
                    0.0,
                    1.0
                ]
            ]
        },
        {
            "index": "0017",
            "projection_type": "PERSP",
            "ortho_scale": 6.0,
            "camera_angle_x": 0.8575560450553894,
            "elevation": 0.2617993877991494,
            "azimuth": 5.078908123303499,
            "transform_matrix": [
                [
                    0.9335803985595703,
                    -0.09275240451097488,
                    0.34615689516067505,
                    0.5884666442871094
                ],
                [
                    0.3583679795265198,
                    0.24162843823432922,
                    -0.9017693996429443,
                    -1.533008098602295
                ],
                [
                    -7.30586577901704e-08,
                    0.9659258127212524,
                    0.2588190734386444,
                    0.43999236822128296
                ],
                [
                    0.0,
                    0.0,
                    0.0,
                    1.0
                ]
            ]
        },
        {
            "index": "0018",
            "projection_type": "PERSP",
            "ortho_scale": 6.0,
            "camera_angle_x": 0.8575560450553894,
            "elevation": 0.2617993877991494,
            "azimuth": 5.1312680008633285,
            "transform_matrix": [
                [
                    0.9135454297065735,
                    -0.10527108609676361,
                    0.3928775191307068,
                    0.6678916215896606
                ],
                [
                    0.40673670172691345,
                    0.2364426553249359,
                    -0.8824172019958496,
                    -1.5001091957092285
                ],
                [
                    9.847685333852496e-09,
                    0.965925931930542,
                    0.25881871581077576,
                    0.43999236822128296
                ],
                [
                    0.0,
                    0.0,
                    0.0,
                    1.0
                ]
            ]
        },
        {
            "index": "0019",
            "projection_type": "PERSP",
            "ortho_scale": 6.0,
            "camera_angle_x": 0.8575560450553894,
            "elevation": 0.2617993877991494,
            "azimuth": 5.183627878423159,
            "transform_matrix": [
                [
                    0.8910064697265625,
                    -0.11750135570764542,
                    0.43852126598358154,
                    0.7454859614372253
                ],
                [
                    0.4539906084537506,
                    0.2306092381477356,
                    -0.8606461882591248,
                    -1.4630985260009766
                ],
                [
                    4.012750665083331e-08,
                    0.9659258723258972,
                    0.2588188350200653,
                    0.43999236822128296
                ],
                [
                    0.0,
                    0.0,
                    0.0,
                    1.0
                ]
            ]
        },
        {
            "index": "0020",
            "projection_type": "PERSP",
            "ortho_scale": 6.0,
            "camera_angle_x": 0.8575560450553894,
            "elevation": 0.2617993877991494,
            "azimuth": 5.235987755982989,
            "transform_matrix": [
                [
                    0.866025447845459,
                    -0.12940946221351624,
                    0.48296287655830383,
                    0.8210369348526001
                ],
                [
                    0.4999999701976776,
                    0.22414380311965942,
                    -0.8365163207054138,
                    -1.4220777750015259
                ],
                [
                    -6.95686708240828e-09,
                    0.9659258723258972,
                    0.25881895422935486,
                    0.43999236822128296
                ],
                [
                    0.0,
                    0.0,
                    0.0,
                    1.0
                ]
            ]
        },
        {
            "index": "0021",
            "projection_type": "PERSP",
            "ortho_scale": 6.0,
            "camera_angle_x": 0.8575560450553894,
            "elevation": 0.2617993877991494,
            "azimuth": 5.288347633542818,
            "transform_matrix": [
                [
                    0.838670551776886,
                    -0.14096303284168243,
                    0.5260809063911438,
                    0.89433753490448
                ],
                [
                    0.5446390509605408,
                    0.2170640230178833,
                    -0.8100935220718384,
                    -1.3771589994430542
                ],
                [
                    2.3564723505842267e-09,
                    0.9659258127212524,
                    0.25881919264793396,
                    0.43999236822128296
                ],
                [
                    0.0,
                    0.0,
                    0.0,
                    1.0
                ]
            ]
        },
        {
            "index": "0022",
            "projection_type": "PERSP",
            "ortho_scale": 6.0,
            "camera_angle_x": 0.8575560450553894,
            "elevation": 0.2617993877991494,
            "azimuth": 5.340707511102648,
            "transform_matrix": [
                [
                    0.8090169429779053,
                    -0.15213000774383545,
                    0.5677570700645447,
                    0.9651868343353271
                ],
                [
                    0.5877853631973267,
                    0.20938889682292938,
                    -0.7814503312110901,
                    -1.3284657001495361
                ],
                [
                    1.5418976317960187e-08,
                    0.9659258723258972,
                    0.25881895422935486,
                    0.43999236822128296
                ],
                [
                    0.0,
                    0.0,
                    0.0,
                    1.0
                ]
            ]
        },
        {
            "index": "0023",
            "projection_type": "PERSP",
            "ortho_scale": 6.0,
            "camera_angle_x": 0.8575560450553894,
            "elevation": 0.2617993877991494,
            "azimuth": 5.3930673886624785,
            "transform_matrix": [
                [
                    0.7771459221839905,
                    -0.16288000345230103,
                    0.6078768968582153,
                    1.0333906412124634
                ],
                [
                    0.6293204426765442,
                    0.20113998651504517,
                    -0.7506653666496277,
                    -1.2761311531066895
                ],
                [
                    1.3517748698177456e-08,
                    0.9659258723258972,
                    0.2588188350200653,
                    0.43999236822128296
                ],
                [
                    0.0,
                    0.0,
                    0.0,
                    1.0
                ]
            ]
        },
        {
            "index": "0024",
            "projection_type": "PERSP",
            "ortho_scale": 6.0,
            "camera_angle_x": 0.8575560450553894,
            "elevation": 0.2617993877991494,
            "azimuth": 5.445427266222308,
            "transform_matrix": [
                [
                    0.7431448698043823,
                    -0.17318367958068848,
                    0.6463305354118347,
                    1.0987619161605835
                ],
                [
                    0.6691305637359619,
                    0.19234012067317963,
                    -0.717822790145874,
                    -1.2202987670898438
                ],
                [
                    -9.833259895231095e-08,
                    0.9659258127212524,
                    0.2588190734386444,
                    0.43999236822128296
                ],
                [
                    0.0,
                    0.0,
                    0.0,
                    1.0
                ]
            ]
        },
        {
            "index": "0025",
            "projection_type": "PERSP",
            "ortho_scale": 6.0,
            "camera_angle_x": 0.8575560450553894,
            "elevation": 0.2617993877991494,
            "azimuth": 5.497787143782138,
            "transform_matrix": [
                [
                    0.7071067690849304,
                    -0.18301275372505188,
                    0.6830127239227295,
                    1.1611216068267822
                ],
                [
                    0.7071067690849304,
                    0.1830126792192459,
                    -0.6830126643180847,
                    -1.1611216068267822
                ],
                [
                    5.5390785291820066e-08,
                    0.9659258127212524,
                    0.2588190734386444,
                    0.43999236822128296
                ],
                [
                    0.0,
                    0.0,
                    0.0,
                    1.0
                ]
            ]
        },
        {
            "index": "0026",
            "projection_type": "PERSP",
            "ortho_scale": 6.0,
            "camera_angle_x": 0.8575560450553894,
            "elevation": 0.2617993877991494,
            "azimuth": 5.550147021341968,
            "transform_matrix": [
                [
                    0.6691306233406067,
                    -0.1923399418592453,
                    0.717822790145874,
                    1.2202987670898438
                ],
                [
                    0.7431448101997375,
                    0.17318370938301086,
                    -0.6463305950164795,
                    -1.0987619161605835
                ],
                [
                    -2.47632172545309e-08,
                    0.9659258723258972,
                    0.25881895422935486,
                    0.43999236822128296
                ],
                [
                    0.0,
                    0.0,
                    0.0,
                    1.0
                ]
            ]
        },
        {
            "index": "0027",
            "projection_type": "PERSP",
            "ortho_scale": 6.0,
            "camera_angle_x": 0.8575560450553894,
            "elevation": 0.2617993877991494,
            "azimuth": 5.602506898901797,
            "transform_matrix": [
                [
                    0.6293204426765442,
                    -0.20114022493362427,
                    0.7506653070449829,
                    1.2761311531066895
                ],
                [
                    0.7771459221839905,
                    0.162880077958107,
                    -0.6078768372535706,
                    -1.0333906412124634
                ],
                [
                    5.129586000407471e-08,
                    0.9659258127212524,
                    0.2588190734386444,
                    0.43999236822128296
                ],
                [
                    0.0,
                    0.0,
                    0.0,
                    1.0
                ]
            ]
        },
        {
            "index": "0028",
            "projection_type": "PERSP",
            "ortho_scale": 6.0,
            "camera_angle_x": 0.8575560450553894,
            "elevation": 0.2617993877991494,
            "azimuth": 5.654866776461628,
            "transform_matrix": [
                [
                    0.5877853035926819,
                    -0.20938891172409058,
                    0.7814503908157349,
                    1.3284657001495361
                ],
                [
                    0.80901700258255,
                    0.15212999284267426,
                    -0.5677570104598999,
                    -0.9651868343353271
                ],
                [
                    -2.1904714486709054e-08,
                    0.9659258723258972,
                    0.25881895422935486,
                    0.43999236822128296
                ],
                [
                    0.0,
                    0.0,
                    0.0,
                    1.0
                ]
            ]
        },
        {
            "index": "0029",
            "projection_type": "PERSP",
            "ortho_scale": 6.0,
            "camera_angle_x": 0.8575560450553894,
            "elevation": 0.2617993877991494,
            "azimuth": 5.707226654021458,
            "transform_matrix": [
                [
                    0.5446391105651855,
                    -0.21706391870975494,
                    0.8100935220718384,
                    1.3771589994430542
                ],
                [
                    0.8386704921722412,
                    0.14096298813819885,
                    -0.5260809659957886,
                    -0.89433753490448
                ],
                [
                    4.264510522489218e-09,
                    0.9659258127212524,
                    0.2588190734386444,
                    0.43999236822128296
                ],
                [
                    0.0,
                    0.0,
                    0.0,
                    1.0
                ]
            ]
        },
        {
            "index": "0030",
            "projection_type": "PERSP",
            "ortho_scale": 6.0,
            "camera_angle_x": 0.8575560450553894,
            "elevation": 0.2617993877991494,
            "azimuth": 5.759586531581287,
            "transform_matrix": [
                [
                    0.4999999701976776,
                    -0.2241438776254654,
                    0.8365163207054138,
                    1.4220777750015259
                ],
                [
                    0.866025447845459,
                    0.1294095665216446,
                    -0.48296287655830383,
                    -0.8210369348526001
                ],
                [
                    -4.0340239593206206e-08,
                    0.9659258127212524,
                    0.2588190734386444,
                    0.43999236822128296
                ],
                [
                    0.0,
                    0.0,
                    0.0,
                    1.0
                ]
            ]
        },
        {
            "index": "0031",
            "projection_type": "PERSP",
            "ortho_scale": 6.0,
            "camera_angle_x": 0.8575560450553894,
            "elevation": 0.2617993877991494,
            "azimuth": 5.811946409141117,
            "transform_matrix": [
                [
                    0.4539904296398163,
                    -0.23060941696166992,
                    0.8606462478637695,
                    1.4630985260009766
                ],
                [
                    0.891006588935852,
                    0.11750125139951706,
                    -0.4385211169719696,
                    -0.7454859614372253
                ],
                [
                    8.627964831475765e-08,
                    0.9659258723258972,
                    0.25881895422935486,
                    0.43999236822128296
                ],
                [
                    0.0,
                    0.0,
                    0.0,
                    1.0
                ]
            ]
        },
        {
            "index": "0032",
            "projection_type": "PERSP",
            "ortho_scale": 6.0,
            "camera_angle_x": 0.8575560450553894,
            "elevation": 0.2617993877991494,
            "azimuth": 5.8643062867009474,
            "transform_matrix": [
                [
                    0.40673649311065674,
                    -0.23644289374351501,
                    0.8824172616004944,
                    1.5001091957092285
                ],
                [
                    0.913545548915863,
                    0.1052711233496666,
                    -0.3928773105144501,
                    -0.6678916215896606
                ],
                [
                    -6.0701230708559706e-09,
                    0.9659258723258972,
                    0.25881895422935486,
                    0.43999236822128296
                ],
                [
                    0.0,
                    0.0,
                    0.0,
                    1.0
                ]
            ]
        },
        {
            "index": "0033",
            "projection_type": "PERSP",
            "ortho_scale": 6.0,
            "camera_angle_x": 0.8575560450553894,
            "elevation": 0.2617993877991494,
            "azimuth": 5.916666164260777,
            "transform_matrix": [
                [
                    0.3583678603172302,
                    -0.24162833392620087,
                    0.9017695188522339,
                    1.533008098602295
                ],
                [
                    0.9335804581642151,
                    0.09275233745574951,
                    -0.3461568057537079,
                    -0.5884666442871094
                ],
                [
                    6.387913487060359e-08,
                    0.9659258723258972,
                    0.25881895422935486,
                    0.43999236822128296
                ],
                [
                    0.0,
                    0.0,
                    0.0,
                    1.0
                ]
            ]
        },
        {
            "index": "0034",
            "projection_type": "PERSP",
            "ortho_scale": 6.0,
            "camera_angle_x": 0.8575560450553894,
            "elevation": 0.2617993877991494,
            "azimuth": 5.969026041820607,
            "transform_matrix": [
                [
                    0.30901697278022766,
                    -0.24615146219730377,
                    0.9186500906944275,
                    1.5617051124572754
                ],
                [
                    0.9510565400123596,
                    0.07997944205999374,
                    -0.29848748445510864,
                    -0.507428765296936
                ],
                [
                    6.251047679484145e-09,
                    0.9659258723258972,
                    0.25881895422935486,
                    0.43999236822128296
                ],
                [
                    0.0,
                    0.0,
                    0.0,
                    1.0
                ]
            ]
        },
        {
            "index": "0035",
            "projection_type": "PERSP",
            "ortho_scale": 6.0,
            "camera_angle_x": 0.8575560450553894,
            "elevation": 0.2617993877991494,
            "azimuth": 6.021385919380437,
            "transform_matrix": [
                [
                    0.25881895422935486,
                    -0.2500000298023224,
                    0.9330127239227295,
                    1.5861215591430664
                ],
                [
                    0.9659258723258972,
                    0.0669872835278511,
                    -0.24999991059303284,
                    -0.42500001192092896
                ],
                [
                    -1.2496670365180762e-10,
                    0.9659258127212524,
                    0.2588190734386444,
                    0.43999236822128296
                ],
                [
                    0.0,
                    0.0,
                    0.0,
                    1.0
                ]
            ]
        },
        {
            "index": "0036",
            "projection_type": "PERSP",
            "ortho_scale": 6.0,
            "camera_angle_x": 0.8575560450553894,
            "elevation": 0.2617993877991494,
            "azimuth": 6.073745796940266,
            "transform_matrix": [
                [
                    0.20791153609752655,
                    -0.25316303968429565,
                    0.9448181390762329,
                    1.6061906814575195
                ],
                [
                    0.9781476259231567,
                    0.053811393678188324,
                    -0.20082713663578033,
                    -0.34140637516975403
                ],
                [
                    2.8651978567495462e-08,
                    0.9659258723258972,
                    0.2588188350200653,
                    0.43999236822128296
                ],
                [
                    0.0,
                    0.0,
                    0.0,
                    1.0
                ]
            ]
        },
        {
            "index": "0037",
            "projection_type": "PERSP",
            "ortho_scale": 6.0,
            "camera_angle_x": 0.8575560450553894,
            "elevation": 0.2617993877991494,
            "azimuth": 6.126105674500097,
            "transform_matrix": [
                [
                    0.15643449127674103,
                    -0.25563257932662964,
                    0.9540336728096008,
                    1.6218572854995728
                ],
                [
                    0.9876883625984192,
                    0.04048814997076988,
                    -0.1511041224002838,
                    -0.25687694549560547
                ],
                [
                    7.951479830126118e-08,
                    0.9659258127212524,
                    0.2588190734386444,
                    0.43999236822128296
                ],
                [
                    0.0,
                    0.0,
                    0.0,
                    1.0
                ]
            ]
        },
        {
            "index": "0038",
            "projection_type": "PERSP",
            "ortho_scale": 6.0,
            "camera_angle_x": 0.8575560450553894,
            "elevation": 0.2617993877991494,
            "azimuth": 6.178465552059927,
            "transform_matrix": [
                [
                    0.10452830046415329,
